# n actual_time theoretical_time
100 0.000000 0.000100
200 0.001000 0.000400
300 0.000000 0.000900
400 0.000000 0.001600
500 0.001000 0.002500
600 0.000000 0.003600
700 0.001000 0.004900
800 0.000000 0.006400
900 0.002000 0.008100
1000 0.001000 0.010000
1100 0.002000 0.012100
1200 0.002000 0.014400
1300 0.002000 0.016900
1400 0.003000 0.019600
1500 0.003000 0.022500
1600 0.003000 0.025600
1700 0.003000 0.028900
1800 0.004000 0.032400
1900 0.006000 0.036100
2000 0.005000 0.040000
2100 0.005000 0.044100
2200 0.006000 0.048400
2300 0.007000 0.052900
2400 0.006000 0.057600
2500 0.007000 0.062500
2600 0.009000 0.067600
2700 0.007000 0.072900
2800 0.007000 0.078400
2900 0.007000 0.084100
3000 0.008000 0.090000
3100 0.009000 0.096100
3200 0.009000 0.102400
3300 0.009000 0.108900
3400 0.010000 0.115600
3500 0.010000 0.122500
3600 0.012000 0.129600
3700 0.012000 0.136900
3800 0.012000 0.144400
3900 0.013000 0.152100
4000 0.014000 0.160000
4100 0.014000 0.168100
4200 0.014000 0.176400
4300 0.015000 0.184900
4400 0.019000 0.193600
4500 0.017000 0.202500
4600 0.018000 0.211600
4700 0.018000 0.220900
4800 0.019000 0.230400
4900 0.020000 0.240100
5000 0.022000 0.250000
5100 0.027000 0.260100
5200 0.025000 0.270400
5300 0.025000 0.280900
5400 0.024000 0.291600
5500 0.026000 0.302500
5600 0.027000 0.313600
5700 0.026000 0.324900
5800 0.028000 0.336400
5900 0.029000 0.348100
6000 0.032000 0.360000
6100 0.031000 0.372100
6200 0.033000 0.384400
6300 0.033000 0.396900
6400 0.035000 0.409600
6500 0.036000 0.422500
6600 0.037000 0.435600
6700 0.038000 0.448900
6800 0.041000 0.462400
6900 0.040000 0.476100
7000 0.042000 0.490000
7100 0.041000 0.504100
7200 0.043000 0.518400
7300 0.045000 0.532900
7400 0.045000 0.547600
7500 0.047000 0.562500
7600 0.048000 0.577600
7700 0.047000 0.592900
7800 0.050000 0.608400
7900 0.052000 0.624100
8000 0.055000 0.640000
8100 0.056000 0.656100
8200 0.056000 0.672400
8300 0.057000 0.688900
8400 0.059000 0.705600
8500 0.062000 0.722500
8600 0.062000 0.739600
8700 0.062000 0.756900
8800 0.065000 0.774400
8900 0.067000 0.792100
9000 0.069000 0.810000
9100 0.071000 0.828100
9200 0.073000 0.846400
9300 0.072000 0.864900
9400 0.076000 0.883600
9500 0.078000 0.902500
9600 0.079000 0.921600
9700 0.083000 0.940900
9800 0.085000 0.960400
9900 0.084000 0.980100
10000 0.086000 1.000000
